month	day	Date	Temp_RF	mintemp	maxtemp	Temp_Tr	normtemp	prec	snow	wind	maxwind	PAR
Sep	1	21.9.	8.80	8.4	11.9	9.4	5.9	9.1	0	6.3	9.1	NA
Sep	2	22.9.	9.70	5.6	15	10.1	5.8	3.1	0	4.1	7.9	NA
Sep	3	23.9.	6.40	5.9	10.6	6.9	5.6	9.3	0	4.8	6.6	NA
Sep	4	24.9.	3.50	1.1	6	3.3	5.5	13.9	0	3.8	5.2	NA
Sep	5	25.9.	3.40	0.8	5.4	3.6	5.4	13.1	0	6.1	8.8	NA
Sep	6	26.9.	NA	3.3	5.7	4.6	5.2	16.1	0	3.6	6.5	NA
Sep	7	27.9.	NA	0.6	4.8	1.9	5.1	5	0	1.8	5.9	NA
Sep	8	28.9.	NA	-1.2	3.5	1.2	5	1.2	0	2.9	5	NA
Sep	9	29.9.	NA	0.2	5.4	3.7	4.9	3	0	5.1	7.9	NA
Sep	10	30.9.	NA	3	6.1	4.6	4.7	0.3	0	1.8	4	NA
Oct	11	1.10.	NA	3.6	6.9	5.2	4.6	0.2	0	3.3	6.3	NA
Oct	12	2.10.	NA	3.7	5.1	4.1	4.5	0	0	3.7	4.5	NA
Oct	13	3.10.	NA	0.8	4	2.1	4.4	0.1	0	1.7	3.1	NA
Oct	14	4.10.	NA	0.6	3.4	1.7	4.2	8.4	0	3.4	5.3	NA
Oct	15	5.10.	NA	-2.6	3.7	-0.4	4.1	0.4	0	1.3	2.3	NA
Oct	16	6.10.	NA	-2.7	3.1	0.5	4	0	0	3.3	5.3	NA
Oct	17	7.10.	NA	0.5	3.3	2.2	3.9	8	2	4.3	5.7	NA
Oct	18	8.10.	NA	2.6	4.9	4.2	3.8	2.6	0	5.3	8.9	NA
Oct	19	9.10.	5.40	3.5	6.2	5.2	3.6	2.2	0	6.3	9.6	NA
Oct	20	10.10.	3.80	2.3	5.6	4	3.5	6.2	0	2.8	6.6	71.9177881
Oct	21	11.10.	NA	3.3	7.3	6.2	3.4	1	0	3.8	5.8	35.47564103
Oct	22	12.10.	5.50	3.8	9.6	6.7	3.2	0	0	1.4	3.6	NA
Oct	23	13.10.	7.10	4.8	12.9	9.2	3.1	0.2	0	5.2	8.4	NA
Oct	24	14.10.	10.10	8.7	14.1	10.5	3	1.3	0	3.7	8.1	NA
Oct	25	15.10.	6.80	5.3	13.5	6.9	2.9	11.7	0	4.7	7	NA
Oct	26	16.10.	6.40	5.3	8.1	6.5	2.7	2.5	0	5	7.1	NA
Oct	27	17.10.	NA	5.2	9.3	7.6	2.6	7	0	NA	8.7	NA
Oct	28	18.10.	NA	5.7	9.2	7.1	2.5	0.7	0	7.3	10	NA
Oct	29	19.10.	5.70	4.7	7.5	5.9	2.3	9.7	0	2.8	5.1	NA
Oct	30	20.10.	5.80	5	7.8	6.7	2.2	1.2	0	5.1	7.2	NA
Oct	31	21.10.	5.90	3.7	8	6.3	2.1	3.1	0	8.1	9.5	NA
Oct	32	22.10.	NA	2.3	6.8	3.6	1.9	8	0	6.3	9.3	NA
Oct	33	23.10.	1.30	0.5	4.6	2.4	1.8	6.7	0	3.6	6.3	NA
Oct	34	24.10.	-2.80	-2.4	2.9	-0.8	1.6	0	0	1	2	NA
Oct	35	25.10.	-3.00	-2.9	2.7	-1.3	1.5	0	0	1.1	1.7	NA
Oct	36	26.10.	-4.20	-3.2	0.1	-1.5	1.4	0	0	1.3	2.3	NA
Oct	37	27.10.	-2.30	-2.8	0.5	-1	1.2	0.3	0	2.1	3.6	NA
Oct	38	28.10.	-3.00	-3.5	-0.1	-0.9	1.1	3.4	4	4.7	8.2	NA
Oct	39	29.10.	0.80	-0.3	4.5	2.5	1	0	3	5.1	8.2	NA
Oct	40	30.10.	-2.80	-3.6	2.1	-0.6	0.8	0	2	3.6	7.8	NA
Oct	41	31.10.	-0.80	-2.2	1.2	-0.2	0.7	0	0	2	4.8	NA
Nov	42	1.11.	2.60	0	5.9	3.8	0.6	5.5	3	2.6	4.6	NA
Nov	43	2.11.	2.50	1.7	7.4	5.1	0.4	3.1	0	1.9	5.1	NA
Nov	44	3.11.	2.80	3.2	7.1	4.3	0.3	0.8	0	3.9	6.2	NA
Nov	45	4.11.	5.10	3.8	9.5	6.7	0.2	3.9	0	6.4	8.4	NA
Nov	46	5.11.	8.70	8	10.1	8.8	0	2.6	0	6.6	8.8	NA
Nov	47	6.11.	6.30	4.9	9.2	6.2	-0.1	8.1	0	3	6.5	NA
Nov	48	7.11.	1.50	0.2	4.9	1.7	-0.2	1.7	0	1.4	3	NA
Nov	49	8.11.	-1.90	-0.7	1.8	0.2	-0.3	0	0	1.3	2.8	NA
Nov	50	9.11.	0.20	-1.4	4.2	2.8	-0.5	0	0	2.6	5.2	NA
Nov	51	10.11.	2.40	2.7	7.2	5.4	-0.6	0	0	3.6	7.5	NA
Nov	52	11.11.	2.80	3.8	6.4	5.2	-0.7	0	0	2.6	6.1	NA
Nov	53	12.11.	4.20	4.6	7.1	5.2	-0.8	0.3	0	2	4.8	NA
Nov	54	13.11.	3.50	4	5.2	4.6	-0.9	3.8	0	4.3	5.4	NA
Nov	55	14.11.	5.60	5.1	8.4	6.9	-1	0.9	0	4.9	6.5	NA
Nov	56	15.11.	7.30	5.9	8.2	7.5	-1.1	1.4	0	6.6	8.3	2.51698584
Nov	57	16.11.	8.10	6.5	10.9	8.4	-1.3	1.6	0	6.6	8.8	1.27906098
Nov	58	17.11.	3.90	2.1	7.6	4.1	-1.4	6.7	0	3.6	9.1	2.01025076
Nov	59	18.11.	0.90	0.9	4	3.3	-1.4	1.2	0	4.9	6.4	3.42498081
Nov	60	19.11.	5.60	3.1	7.9	6.2	-1.5	0	0	7	10.2	3.0798256
Nov	61	20.11.	2.00	1.1	7	1.9	-1.6	2.8	0	1.9	4.1	1.9790635
Nov	62	21.11.	3.10	0.9	4.1	3.1	-1.7	2.3	0	4.3	6.3	1.2386431
Nov	63	22.11.	4.60	3.3	5	4	-1.8	2.6	0	4	7.2	1.35427914
Nov	64	23.11.	1.60	-0.6	3.8	1.7	-1.9	3.4	0	7	11.6	0.52852632
Nov	65	24.11.	0.70	-1	3.1	0.7	-2	18	4	2.9	6	0.71126365
Nov	66	25.11.	-1.20	-1.8	1.3	-1.2	-2.1	16.6	21	2.5	6.3	0.09061867
Nov	67	26.11.	-4.90	-5.3	-1.5	-3.6	-2.1	10.7	28	2	3.8	0.07758379
Nov	68	27.11.	-2.60	-5.4	0.8	-1.3	-2.2	3.6	30	6	9.3	0.0541729
Nov	69	28.11.	0.30	-0.6	1	-0.1	-2.3	7.3	32	2.5	4.4	0.53173003
Nov	70	29.11.	-1.50	-0.8	0.5	-0.1	-2.3	4	33	2.7	6	0.54193619
Nov	71	30.11.	1.00	-1.1	4.8	3.2	-2.4	2.6	33	3.2	6.3	0.3699972
Dec	72	1.12.	0.90	2.6	4.9	4	-2.5	0.6	25	3.1	7.9	0.55649786
Dec	73	2.12.	1.20	2.6	5.6	4	-2.5	0.1	23	5.8	9.3	0.61006045
Dec	74	3.12.	1.60	1.3	4.7	3.9	-2.6	0	21	5.9	9.9	0.49847347
Dec	75	4.12.	0.40	0.9	4.7	2.2	-2.7	0	18	5.6	6.9	0.34375264
Dec	76	5.12.	0.30	-0.2	2.4	1.4	-2.7	0.7	20	4.3	6.7	0.24743246
Dec	77	6.12.	0.20	-0.4	1.3	0	-2.8	4.2	24	2.5	4.4	0.11760279
Dec	78	7.12.	-3.40	-3.4	-0.1	-2.4	-2.9	15.1	40	4	6	0.02995063
Dec	79	8.12.	-10.10	-8	-2.9	-5.7	-2.9	2.3	35	3	6.7	0.03946252
Dec	80	9.12.	-6.30	-8.8	-0.9	-3.1	-3	0	35	2	3.8	0.0207404
Dec	81	10.12.	-6.40	-4.2	0.5	-1.8	-3	0.5	35	1.9	4	0.03200435
Dec	82	11.12.	-5.60	-3.4	0.2	-1.9	-3.1	0.2	33	3.5	5.9	0.03851476
Dec	83	12.12.	1.00	-1.2	3.1	2	-3.1	1.1	32	6.4	8	0.03426274
Dec	84	13.12.	4.10	2.9	4.4	3.9	-3.2	0	29	6.2	8	0.05776342
Dec	85	14.12.	4.00	3.5	4.5	3.9	-3.2	0.6	21	5.4	7.1	0.12721337
Dec	86	15.12.	0.60	0.7	4	2.3	-3.3	0	18	5.5	8.2	0.24014892
Dec	87	16.12.	-8.10	-4.7	1	-3.7	-3.3	0	17	3.8	5.6	0.27698437
Dec	88	17.12.	-8.60	-7	-4.3	-5.7	-3.4	0	17	2.7	5.5	0.12476094
Dec	89	18.12.	-7.50	-7.2	-3.8	-5.1	-3.4	0	17	1.4	5	0.24131889
Dec	90	19.12.	-7.10	-4.5	-1	-2.5	-3.5	0	15	3.2	6.4	0.29841091
Dec	91	20.12.	-7.20	-5.2	-1.7	-3.1	-3.5	0	15	1.9	4.2	0.17348276
Dec	92	21.12.	-4.20	-4.7	0.6	-0.6	-3.6	0	15	4.4	5.7	0.15356224
Dec	93	22.12.	-4.40	-3.3	-0.5	-2.4	-3.6	0	15	6.4	7.3	0.11406073
Dec	94	23.12.	-0.90	-3.4	-0.1	-1.2	-3.7	2.4	17	4.4	8	0.08077442
Dec	95	24.12.	-2.40	-3.5	0.5	-1.5	-3.7	7	30	3	5.7	0.07020858
Dec	96	25.12.	-1.20	-2.1	0.9	0	-3.8	5.8	32	5	8.4	0.07295024
Dec	97	26.12.	-2.10	-3.4	0.7	-1.3	-3.8	12.8	47	2.7	5.3	0.10819804
Dec	98	27.12.	-3.30	-4.7	-1.6	-2.6	-3.8	4.2	48	1.4	3.6	0.1513347
Dec	99	28.12.	0.70	-2.3	2.7	1.2	-3.9	2.5	48	5	7.7	0.08982162
Dec	100	29.12.	0.50	-2.6	3.5	0.5	-3.9	9.6	37	5.8	8	0.0714852
Dec	101	30.12.	-2.90	-4.4	-1.6	-2.6	-4	14.4	47	3.6	8.6	0.06845936
Dec	102	31.12.	NA	NA	NA	NA	NA	NA	NA	NA	NA	0.11677306
Jan	103	1.1.	-4.00	-6.2	-0.8	-3.3	-4	0.4	47	4.5	8.2	0.11449601
Jan	104	2.1.	-4.90	-6.3	-3	-4	-4.1	12.1	58	2.9	6.5	0.08436475
Jan	105	3.1.	-0.70	-4.3	2.9	-0.2	-4.1	6.4	59	6.1	10.6	0.03141737
Jan	106	4.1.	-0.10	-0.2	2.3	0.5	-4.2	13.2	63	2.5	3.9	0.21743695
Jan	107	5.1.	1.50	0.4	2.4	1.9	-4.2	0.6	60	5.3	6.9	0.25761944
Jan	108	6.1.	3.50	2.1	5.2	3.6	-4.2	3.1	59	5.2	9.3	0.0872316
Jan	109	7.1.	0.10	-0.9	3.3	0	-4.3	7	48	5.8	7.7	0.07882329
Jan	110	8.1.	-1.10	-1.1	1.3	-0.2	-4.3	13.4	59	3	5.8	0.0984681
Jan	111	9.1.	-2.40	-3.3	0.2	-1.1	-4.3	5.1	60	3.8	7.8	0.11812605
Jan	112	10.1.	0.70	-1.5	5.2	0.5	-4.3	9.7	70	9.3	12.8	0.14575509
Jan	113	11.1.	-0.10	-1.9	0.8	-0.4	-4.4	21.2	78	6.2	10.2	0.28215077
Jan	114	12.1.	-2.00	-2.8	-0.2	-2.1	-4.4	21.6	83	4	7	0.08759335
Jan	115	13.1.	-6.50	-6.8	-2.4	-5	-4.4	13	100	2.1	4	0.16852631
Jan	116	14.1.	-10.40	-9.2	-5.8	-6.7	-4.4	1.3	98	1.8	4.7	0.20405015
Jan	117	15.1.	-6.10	-7.1	-2.6	-3.4	-4.4	1.8	96	3.9	7.1	0.24212824
Jan	118	16.1.	-6.40	-5	-3.1	-4	-4.5	1.4	90	1.3	2.7	0.34610006
Jan	119	17.1.	-8.00	-6.9	-3.7	-5.9	-4.5	1.1	89	3.1	4.6	0.71153888
Jan	120	18.1.	NA	-7.1	-5.4	-6.1	-4.5	2.8	89	2.9	3.9	0.87829697
Jan	121	19.1.	NA	-8.6	-5.5	-6.6	-4.5	2.4	91	1.7	3.8	1.08527644
Jan	122	20.1.	-9.60	-7.4	-5	-5.7	-4.5	2.8	96	4.9	7.5	0.688616
Jan	123	21.1.	-8.40	-6.8	-4.8	-5.3	-4.5	4.9	101	3.3	7.1	1.05514455
Jan	124	22.1.	-5.80	-6.4	-3	-4.8	-4.5	10.1	114	3.5	8	1.63396944
Jan	125	23.1.	-12.40	-11.6	-6.1	-9.7	-4.5	0.5	108	1.7	2.4	3.00408818
Jan	126	24.1.	-12.30	-11.2	-8.7	-9.8	-4.5	0	104	1.3	2.3	3.22842983
Jan	127	25.1.	-9.50	-10.9	-4.7	-5.4	-4.5	0	102	3.7	5.4	3.00708384
Jan	128	26.1.	-12.50	-9.4	-5	-7.4	-4.5	0.1	98	3.4	5.2	3.70868767
Jan	129	27.1.	-17.60	-12.5	-7.8	-11.8	-4.5	0	95	3.9	6.3	4.56552619
Jan	130	28.1.	-17.00	-14.3	-10.6	-12.6	-4.5	0	94	1.9	3.9	4.38313452
Jan	131	29.1.	-12.20	-11.4	-5.7	-8	-4.5	1.4	93	5.3	9.3	4.53987092
Jan	132	30.1.	NA	-11.7	-8.1	-9.6	-4.5	0.5	90	3	8.4	6.14030928
Jan	133	31.1.	-15.30	-11.1	-7.2	-9.1	-4.5	0	90	2.5	4.6	6.79277006
Feb	134	1.2.	-10.00	-11.5	-5.7	-8.1	-4.5	0	90	1.6	4	7.81972532
Feb	135	2.2.	-9.30	-8.9	-4.7	-6.2	-4.5	0	90	3.8	11	10.50183771
Feb	136	3.2.	-11.50	-7.6	-5.1	-6.9	-4.5	0.2	88	7.7	10.4	8.27834964
Feb	137	4.2.	-13.40	-9.8	-5.4	-7.5	-4.5	0.1	88	3.6	8.5	9.22445897
Feb	138	5.2.	-14.50	-13.2	-8.1	-10.5	-4.5	0	84	3.3	7.3	12.40454523
Feb	139	6.2.	-4.90	-9.8	-1.9	-4.3	-4.5	2.5	87	5.7	7.3	4.2132687
Feb	140	7.2.	-8.00	-4.7	-2	-4	-4.4	7.2	99	5.4	6.5	17.54218718
Feb	141	8.2.	-12.20	-9.8	-3.2	-7.6	-4.4	0.1	96	1.1	3.3	14.483344
Feb	142	9.2.	-14.20	-11.1	-5.8	-9.2	-4.4	0	95	0.9	1.9	18.08925997
Feb	143	10.2.	-7.60	-10.1	-4.4	-5.7	-4.4	0	93	2.3	5.2	9.25711664
Feb	144	11.2.	-3.70	-5	-0.1	-2.5	-4.4	2.6	95	5.6	7.8	5.29081465
Feb	145	12.2.	-0.90	-1.9	0.4	-0.9	-4.3	6.1	100	6	10.5	11.0422897
Feb	146	13.2.	NA	-6.8	-0.1	-3.4	-4.3	7	111	3.9	6.5	20.76977785
Feb	147	14.2.	NA	-2.2	3.6	1.4	-4.3	0.7	108	7.1	11	13.63759431
Feb	148	15.2.	NA	-3	4.7	0.1	-4.2	12.3	97	2.7	5.7	NA
Feb	149	16.2.	0.00	-3.3	3.6	0.2	-4.2	10.4	103	5.5	10.6	NA
Feb	150	17.2.	-1.40	-6.6	-0.2	-3.5	-4.2	8.9	99	2.4	5.5	NA
Feb	151	18.2.	-2.40	-5.6	-2.8	-4.1	-4.2	0.9	100	1.6	4.2	NA
Feb	152	19.2.	-2.10	-7.3	-3.4	-5.8	-4.1	3.7	100	3.7	7	NA
Feb	153	20.2.	-5.30	-10.4	-4.6	-7.5	-4.1	2.9	101	3	5.6	NA
Feb	154	21.2.	-7.80	-8.2	-4.3	-5.6	-4	0	99	6	8	NA
Feb	155	22.2.	-1.90	-4.5	3.7	0.8	-4	0.4	98	6.8	10.2	NA
Feb	156	23.2.	3.10	3.6	6.4	5	-4	16.6	90	6.4	8.4	NA
Feb	157	24.2.	3.30	2.1	5.8	3.8	-3.9	14.3	75	6.6	8.9	NA
Feb	158	25.2.	1.10	0.1	3.8	1.5	-3.9	12.3	69	2.7	6.8	NA
Feb	159	26.2.	0.30	-1.3	1.1	0.2	-3.8	9.6	82	4.1	7.8	NA
Feb	160	27.2.	1.10	-0.7	3.1	0.8	-3.8	9.5	75	6.4	9.8	NA
Feb	161	28.2.	-5.30	-6.8	-0.7	-4.3	-3.8	6.8	70	3.5	7.4	NA
Mar	162	1.3.	-5.10	-6.1	-2.1	-4.5	-3.7	3.1	71	3.7	8.6	NA
Mar	163	2.3.	-11.30	-10	-3.4	-7.4	-3.6	0.5	70	3.1	5.7	NA
Mar	164	3.3.	-9.60	-9.1	-5.7	-7.5	-3.6	0	69	6.3	9.6	NA
Mar	165	4.3.	-9.40	-11.1	-5.8	-8.9	-3.5	8.4	79	4	7.4	NA
Mar	166	5.3.	-8.10	-12.5	-4.6	-7.3	-3.5	5.5	80	5.5	9.4	NA
Mar	167	6.3.	-5.70	-6.3	-2.9	-5.4	-3.4	13.7	95	2.6	5.7	NA
Mar	168	7.3.	-9.20	-8.4	-2.9	-6.5	-3.3	8.1	98	2	3.9	NA
Mar	169	8.3.	-12.80	-12.7	-4.6	-8.1	-3.3	0.3	93	2.2	4.7	NA
Mar	170	9.3.	-7.00	-7.5	-3.4	-4.9	-3.2	0.5	91	4.5	6.9	NA
Mar	171	10.3.	-10.10	-8.2	-0.7	-5.7	-3.2	2	91	1.9	3.7	NA
Mar	172	11.3.	-9.60	-10.3	-4.6	-6.6	-3.1	0	89	5.2	7.3	NA
Mar	173	12.3.	-5.10	-5.9	-2.7	-4.3	-3	5.9	97	4.5	6.9	NA
Mar	174	13.3.	-6.10	-8.6	-1	-4.4	-3	7.3	109	2.5	5.4	NA
Mar	175	14.3.	-4.20	-4.7	1.1	-2.8	-2.9	1.8	102	1.7	3.4	NA
Mar	176	15.3.	-4.10	-5.6	-1	-3	-2.8	1.1	102	1.7	3.7	NA
Mar	177	16.3.	-3.10	-4	-0.9	-2.8	-2.8	3.1	102	4.4	6.2	NA
Mar	178	17.3.	-3.90	-4.2	0.7	-2.7	-2.7	3.6	101	4.1	7.2	NA
Mar	179	18.3.	-6.90	-9.1	1.6	-4.5	-2.6	1.2	101	1.5	3.3	NA
Mar	180	19.3.	-2.30	-7.6	1.6	-1	-2.5	0	99	5.6	8	NA
Mar	181	20.3.	2.40	0.2	4.7	2.6	-2.5	0.9	96	6.6	8.7	NA
Mar	182	21.3.	1.40	-0.6	4.4	1.3	-2.4	1.8	96	4.5	7.6	NA
Mar	183	22.3.	0.70	-1.5	2	0.9	-2.3	8.6	102	6.3	10.6	NA
Mar	184	23.3.	3.60	0.8	4.8	3.3	-2.2	2.2	98	6.2	9.8	NA
Mar	185	24.3.	0.10	-1.1	3.3	0	-2.1	0.7	95	2.7	5.4	NA
Mar	186	25.3.	-3.80	-5.1	0.4	-2.6	-2.1	6.7	99	2.9	5.8	NA
Mar	187	26.3.	-2.90	-4.3	0.6	-2	-2	11.7	114	3.5	6	NA
Mar	188	27.3.	1.20	-3.4	4.2	1.2	-1.9	5.7	113	7	9.7	NA
Mar	189	28.3.	2.00	0.4	3.7	2	-1.8	11.9	111	6.4	9.4	NA
Mar	190	29.3.	0.00	-1.6	2.2	0.2	-1.7	11.8	97	6.5	10.1	NA
Mar	191	30.3.	-0.70	-2.2	1.6	-0.6	-1.6	9.2	112	5.4	11.1	NA
Mar	192	31.3.	-1.50	-3.5	2.1	-1.4	-1.5	14.6	129	3.2	7.8	NA
Apr	193	1.4.	-0.50	-3.6	2	-0.6	-1.4	22.8	158	4	7.1	NA
Apr	194	2.4.	0.60	-2.9	2.9	1	-1.3	8.2	158	4.7	7.7	NA
Apr	195	3.4.	1.90	-0.4	4.7	1.9	-1.2	8.5	136	4.7	7.1	NA
Apr	196	4.4.	-1.00	-2.7	3.1	-1	-1.1	6.5	133	1.9	3.4	NA
Apr	197	5.4.	-2.00	-5.9	2.7	-0.7	-1	0	132	3.6	6	NA
Apr	198	6.4.	-0.10	-1.5	3.1	-0.1	-0.9	0	131	4.1	6.3	NA
Apr	199	7.4.	-1.60	-3.3	1.2	-1.7	-0.8	3.1	132	1.8	5.1	NA
Apr	200	8.4.	-1.20	-4.6	3.1	-1.1	-0.7	2.3	131	2.2	4.2	NA
Apr	201	9.4.	NA	-5.8	3.3	-2.1	-0.6	0.1	128	1.7	2.9	NA
Apr	202	10.4.	NA	-8.5	0.2	-3.1	-0.5	0	128	2.6	4.9	NA
Apr	203	11.4.	NA	-4.2	0.5	-0.8	-0.3	0	128	5	6.8	NA
Apr	204	12.4.	1.40	0.3	2.6	1.4	-0.2	5.5	129	3.6	5	NA
Apr	205	13.4.	2.10	0.7	3.2	2.2	-0.1	2.5	126	4.3	6.1	NA
Apr	206	14.4.	3.00	2	5.6	3.9	0	0.8	118	3.3	5.5	NA
Apr	207	15.4.	3.00	2.3	5.5	3.3	0.2	0.4	116	2.1	3.7	NA
Apr	208	16.4.	2.30	1.3	4.7	2.7	0.3	0.1	110	1.6	3.9	NA
Apr	209	17.4.	1.20	0.2	6.1	2.4	0.4	0	108	1.9	3.7	NA
Apr	210	18.4.	3.60	-1.3	8.7	4.2	0.6	0	106	3.4	5.2	NA
Apr	211	19.4.	3.50	2.6	6.2	4.6	0.7	0	104	6.5	8.9	NA
Apr	212	20.4.	7.70	5.6	11.5	8.3	0.8	1.7	91	6.4	9	NA
Apr	213	21.4.	4.50	3.3	8.8	4.7	1	2.3	81	6.4	8.4	NA
Apr	214	22.4.	5.00	3	7.6	5	1.1	3.6	76	5	7.2	NA
Apr	215	23.4.	5.40	4.5	7.8	6	1.3	23.3	67	3.9	6.7	NA
Apr	216	24.4.	5.50	4.5	12	6.6	1.4	7.5	61	1.2	2.2	NA
Apr	217	25.4.	6.30	2.2	14.9	8.3	1.6	0	57	0.8	2	NA
Apr	218	26.4.	6.80	3.2	14.8	7.5	1.7	0	53	2.1	3.8	NA
Apr	219	27.4.	5.50	1.1	10.4	5.6	1.9	0.1	49	3	8.1	NA
Apr	220	28.4.	5.70	2.6	11.4	6.3	2	0	44	2.2	4	NA
Apr	221	29.4.	3.30	1.7	6.8	3.3	2.2	0.1	38	1.4	2.4	NA
Apr	222	30.4.	2.60	2	3.5	2.3	2.3	0	36	2.6	5.3	NA
